# Fir-order Q-closure-prune dead raw cells in windows 2000-2999 (awk '$1>=356000 && $1<534000' $SCRATCH/bs45_qcanary/qprune_dead_3_13_0_0.txt), generated ON FIR by QCANARY v2 61516887; read 2026-09-26
-rw-r----- 1 dangord dangord 55407 Sep 25 11:39 /scratch/dangord/bs45_qcanary/qprune_dead_3_13_0_0.txt
360564
360594
360617
360624
361981
361986
363227
363268
363277
363281
365667
365675
365676
365687
365688
365689
365696
365697
365704
365760
365761
365762
365787
365788
367520
367521
367533
367534
367558
367567
367577
367578
367584
367644
367645
367653
367654
367655
368951
368952
368953
368954
368956
368957
368959
368962
368963
368973
368983
368984
368991
369000
369007
369008
369012
369014
369016
369017
369813
369814
369815
369822
369823
369870
369884
369885
369886
369913
369914
369931
369938
369939
370315
370318
370705
370708
373394
373398
373416
373420
374221
374228
375222
375251
375425
375430
375698
375739
375742
375747
375974
375978
375983
376001
376989
377026
377028
377031
391306
391312
391344
391377
394854
394855
394856
394857
394858
394862
394873
394874
394875
394876
394877
394878
394879
394881
394882
394883
394884
394885
394886
394887
394981
394982
395347
395348
395369
395370
395371
395376
395377
395426
395427
395434
395435
395436
401784
401792
401805
401812
402358
402367
402698
402735
402737
402738
433442
433445
433455
433457
435412
435420
436099
436108
444024
444030
444302
444307
450365
450405
450447
450462
452663
452742
452829
452860
455478
455491
456287
456332
461003
461014
461019
461167
463691
463727
463814
463832
463869
463890
465094
465429
466884
467444
467527
467642
468488
468595
469010
469041
469137
469139
469833
469835
469836
469841
472667
472879
474665
474673
474674
474675
474680
474681
474684
474691
474695
474703
474705
474708
474713
474720
474721
474724
474776
474781
476252
476253
476265
476282
478376
478388
478389
478580
478670
478671
478676
478677
478678
478956
478957
478958
478966
478973
478974
478975
478980
478988
478989
478990
478993
478995
478996
479010
480520
480625
480628
480629
480751
480798
480904
480929
481018
481021
481034
481108
481115
481148
481190
481236
482165
482174
482274
482281
482282
482284
482286
482287
482289
482293
482294
482295
482297
482633
482635
482649
482650
483044
483045
483570
483573
483575
483576
483579
485473
485475
485480
485481
485777
485807
485822
485825
486007
486062
486555
486572
486592
486640
486690
486795
486932
486968
487065
487084
487137
487138
487463
487469
487476
487484
488389
488391
488456
488472
495307
508511
508562
511182
511190
511829
511830
511850
511851
512062
512078
513871
513887
514294
514319
514392
514400
516058
516210
516221
516222
517741
517760
517761
518679
518855
519501
519505
519545
519550
521101
521129
521269
521272
521289
521304
521316
521323
521545
521546
522348
522366
523205
523214
523223
523233
523457
523458
523493
523494
523577
523580
523956
523957
523958
523959
524775
524780
524781
524783
525664
525695
525700
525701
526524
526525
526530
526531
526883
526889
527300
527301
527303
527304
528420
528422
528434
528435
528444
528445
530381
530400
530417
530418
530825
530830
530837
530840
531464
531469
533633
533634
533688
533689
533850
533851
533860
533861
533999
