=== firsthit full-rung wave banners, fetched+verified 2026-07-20 (fir 49628809-18 n=34; rorqual 16737512-16 n=35; all 47 banners verify_npaf PASS) ===
##FILE firsthit_output_49628809.txt
=== FIRSTHIT probe BS(35,34) sig (1,1,6,10) — 190 arms — node fc20455 — Sun Jul 19 15:50:37 PDT 2026 ===
[driver] first FOUND at Sun Jul 19 16:57:19 PDT 2026 — grace 1800s for remaining arms
=== FIRSTHIT AGGREGATE (n=34, sig 1,1,6,10, 190 arms) ===
*** BS(35,34) FOUND ***  (firsthit probe)
sig = (-1,1,6,10)
A = {1,-1,-1,1,1,-1,-1,1,-1,1,-1,1,-1,1,1,-1,-1,1,-1,1,1,-1,-1,-1,-1,1,1,1,1,1,-1,1,-1,-1,-1};
B = {1,-1,-1,-1,-1,1,-1,1,-1,1,-1,1,1,-1,1,1,-1,1,-1,-1,1,1,1,-1,-1,1,1,1,1,-1,1,-1,-1,-1,1};
C = {-1,-1,-1,-1,1,1,1,-1,1,1,-1,1,1,1,1,-1,1,1,1,-1,-1,1,-1,1,1,1,-1,-1,1,1,1,-1,1,-1};
D = {-1,-1,1,1,1,1,1,1,1,-1,1,1,1,1,1,1,1,1,-1,-1,-1,1,-1,-1,-1,1,1,-1,1,1,-1,1,1,-1};
VERIFY: max |NPAF[s]| over s=1..34 = 0  (NPAF==0 confirmed)
FIRSTHIT: idx=179042 profile_rank=176 nodes_this_cand=16940 score=110 elapsed=4310.58s
*** BS(35,34) FOUND ***  (firsthit probe)
sig = (1,1,6,10)
A = {1,1,-1,-1,-1,-1,1,-1,-1,1,-1,1,1,-1,-1,1,-1,1,-1,1,1,1,1,-1,1,1,1,1,1,-1,-1,-1,1,-1,-1};
B = {1,-1,1,-1,1,-1,-1,-1,1,1,1,1,1,-1,-1,-1,1,-1,1,-1,1,1,1,-1,-1,1,-1,1,-1,-1,1,-1,-1,1,1};
C = {-1,-1,1,1,-1,1,1,1,1,-1,1,-1,1,-1,1,1,-1,-1,1,1,1,1,1,-1,-1,1,1,1,-1,1,-1,-1,1,-1};
D = {-1,-1,-1,1,1,-1,1,1,1,1,1,1,1,1,-1,1,1,1,1,-1,-1,1,-1,-1,1,1,1,1,1,-1,-1,1,1,-1};
VERIFY: max |NPAF[s]| over s=1..34 = 0  (NPAF==0 confirmed)
FIRSTHIT: idx=162188 profile_rank=189 nodes_this_cand=182189 score=102 elapsed=3981.71s
arms_with_hits=2 / 190
GATEB: candidates=341230 aborted=329147 AB_nodes=67237594374
GLOBAL FIRST: FIRSTHIT: idx=179042 profile_rank=176 nodes_this_cand=16940 score=110 elapsed=4310.58s
=== done Sun Jul 19 17:27:21 PDT 2026 ===
##FILE firsthit_output_49628810.txt
=== FIRSTHIT probe BS(35,34) sig (1,3,8,8) — 190 arms — node fc20532 — Sun Jul 19 15:50:37 PDT 2026 ===
[driver] first FOUND at Sun Jul 19 17:02:51 PDT 2026 — grace 1800s for remaining arms
=== FIRSTHIT AGGREGATE (n=34, sig 1,3,8,8, 190 arms) ===
*** BS(35,34) FOUND ***  (firsthit probe)
sig = (1,-3,8,8)
A = {1,-1,-1,1,-1,1,1,1,-1,-1,-1,-1,-1,1,-1,1,-1,1,1,-1,1,1,1,1,1,-1,1,1,-1,1,-1,1,-1,-1,-1};
B = {1,-1,-1,-1,1,-1,-1,1,-1,1,-1,1,-1,-1,1,1,1,-1,-1,-1,-1,-1,1,-1,1,1,1,1,1,-1,1,-1,-1,-1,1};
C = {-1,-1,-1,1,1,1,-1,1,-1,-1,1,1,1,1,1,1,1,1,1,-1,1,1,-1,-1,1,1,1,-1,-1,1,1,-1,1,-1};
D = {-1,-1,1,1,-1,1,1,1,-1,1,1,-1,1,1,-1,1,-1,-1,1,1,1,1,1,-1,-1,1,1,1,-1,-1,1,1,1,-1};
VERIFY: max |NPAF[s]| over s=1..34 = 0  (NPAF==0 confirmed)
FIRSTHIT: idx=167784 profile_rank=183 nodes_this_cand=64523 score=106 elapsed=4330.03s
arms_with_hits=1 / 190
GATEB: candidates=167784 aborted=158942 AB_nodes=32855130473
GLOBAL FIRST: FIRSTHIT: idx=167784 profile_rank=183 nodes_this_cand=64523 score=106 elapsed=4330.03s
=== done Sun Jul 19 17:32:53 PDT 2026 ===
##FILE firsthit_output_49628811.txt
=== FIRSTHIT probe BS(35,34) sig (1,11,0,4) — 190 arms — node fc20339 — Sun Jul 19 15:50:36 PDT 2026 ===
[driver] first FOUND at Sun Jul 19 16:36:16 PDT 2026 — grace 1800s for remaining arms
=== FIRSTHIT AGGREGATE (n=34, sig 1,11,0,4, 190 arms) ===
*** BS(35,34) FOUND ***  (firsthit probe)
sig = (-1,11,0,4)
A = {1,-1,-1,-1,-1,-1,1,1,1,-1,1,1,-1,-1,1,-1,-1,-1,1,1,1,-1,1,1,-1,1,-1,1,-1,-1,1,-1,1,1,-1};
B = {1,-1,-1,1,1,1,-1,-1,-1,1,1,1,1,1,1,-1,1,1,-1,1,1,1,-1,1,-1,-1,1,-1,1,1,-1,1,1,1,1};
C = {1,-1,-1,-1,1,1,-1,1,-1,1,1,-1,-1,1,1,-1,1,1,1,-1,1,-1,1,1,1,1,-1,-1,-1,-1,-1,1,-1,-1};
D = {-1,-1,-1,-1,-1,1,1,-1,-1,-1,1,1,1,1,1,1,1,1,-1,-1,1,1,-1,1,-1,1,1,1,-1,1,-1,1,-1,1};
VERIFY: max |NPAF[s]| over s=1..34 = 0  (NPAF==0 confirmed)
FIRSTHIT: idx=75408 profile_rank=71 nodes_this_cand=32330 score=98 elapsed=2711.78s
arms_with_hits=1 / 190
GATEB: candidates=75408 aborted=71592 AB_nodes=14750789867
GLOBAL FIRST: FIRSTHIT: idx=75408 profile_rank=71 nodes_this_cand=32330 score=98 elapsed=2711.78s
=== done Sun Jul 19 17:06:19 PDT 2026 ===
##FILE firsthit_output_49628812.txt
=== FIRSTHIT probe BS(35,34) sig (3,5,2,10) — 190 arms — node fc20517 — Sun Jul 19 15:51:38 PDT 2026 ===
[driver] first FOUND at Sun Jul 19 18:03:02 PDT 2026 — grace 1800s for remaining arms
=== FIRSTHIT AGGREGATE (n=34, sig 3,5,2,10, 190 arms) ===
*** BS(35,34) FOUND ***  (firsthit probe)
sig = (-3,5,2,10)
A = {1,-1,-1,-1,1,-1,-1,-1,-1,-1,1,-1,1,-1,1,1,-1,-1,1,1,1,-1,-1,1,-1,1,1,-1,1,-1,1,1,1,-1,-1};
B = {1,1,-1,-1,1,1,1,-1,1,1,1,-1,1,-1,-1,1,-1,1,1,1,-1,-1,-1,1,-1,-1,-1,-1,-1,1,1,1,1,1,1};
C = {-1,-1,-1,1,-1,1,1,1,-1,-1,1,1,-1,1,1,-1,1,-1,-1,-1,1,-1,-1,1,-1,1,1,1,1,-1,1,-1,1,1};
D = {-1,-1,-1,1,1,1,1,-1,-1,1,-1,-1,1,1,1,1,1,-1,1,-1,1,1,1,-1,1,1,-1,1,1,1,1,-1,1,1};
VERIFY: max |NPAF[s]| over s=1..34 = 0  (NPAF==0 confirmed)
FIRSTHIT: idx=329434 profile_rank=108 nodes_this_cand=9644 score=102 elapsed=7860.11s
*** BS(35,34) FOUND ***  (firsthit probe)
sig = (-3,-5,2,10)
A = {1,-1,1,-1,-1,-1,-1,1,1,-1,-1,1,1,1,-1,-1,1,-1,-1,1,-1,-1,1,-1,1,-1,1,-1,1,1,1,1,-1,-1,-1};
B = {1,-1,-1,-1,1,-1,1,1,-1,-1,-1,1,-1,-1,1,1,1,-1,-1,-1,1,1,-1,-1,1,-1,-1,-1,-1,1,-1,1,1,-1,1};
C = {-1,-1,-1,-1,-1,1,-1,-1,-1,1,1,-1,1,1,1,1,1,1,1,-1,1,-1,1,-1,1,1,1,-1,1,-1,-1,1,1,-1};
D = {-1,-1,1,1,1,1,1,1,1,1,-1,1,-1,-1,1,1,1,1,1,-1,-1,1,-1,1,1,-1,-1,1,1,1,1,-1,1,-1};
VERIFY: max |NPAF[s]| over s=1..34 = 0  (NPAF==0 confirmed)
FIRSTHIT: idx=359493 profile_rank=119 nodes_this_cand=101015 score=118 elapsed=8568.97s
*** BS(35,34) FOUND ***  (firsthit probe)
sig = (-3,5,2,10)
A = {1,-1,-1,-1,1,-1,-1,-1,-1,-1,1,-1,1,-1,1,1,-1,-1,1,1,1,-1,-1,1,-1,1,1,-1,1,-1,1,1,1,-1,-1};
B = {1,1,-1,-1,1,1,1,-1,1,1,1,-1,1,-1,-1,1,-1,1,1,1,-1,-1,-1,1,-1,-1,-1,-1,-1,1,1,1,1,1,1};
C = {-1,-1,-1,1,-1,1,1,1,-1,-1,1,-1,-1,1,1,-1,1,-1,-1,-1,1,-1,1,1,-1,1,1,1,1,-1,1,-1,1,1};
D = {-1,-1,-1,1,1,1,1,-1,-1,1,-1,1,1,1,1,1,1,-1,1,-1,1,1,-1,-1,1,1,-1,1,1,1,1,-1,1,1};
VERIFY: max |NPAF[s]| over s=1..34 = 0  (NPAF==0 confirmed)
FIRSTHIT: idx=329433 profile_rank=125 nodes_this_cand=9644 score=102 elapsed=7887.91s
*** BS(35,34) FOUND ***  (firsthit probe)
sig = (-3,-5,2,10)
A = {1,-1,1,-1,-1,-1,-1,1,1,-1,-1,1,1,1,-1,-1,1,-1,-1,1,-1,-1,1,-1,1,-1,1,-1,1,1,1,1,-1,-1,-1};
B = {1,-1,-1,-1,1,-1,1,1,-1,-1,-1,1,-1,-1,1,1,1,-1,-1,-1,1,1,-1,-1,1,-1,-1,-1,-1,1,-1,1,1,-1,1};
C = {-1,-1,1,-1,-1,1,-1,1,1,1,-1,1,-1,1,1,1,1,1,1,-1,1,1,-1,1,1,-1,-1,-1,1,-1,-1,-1,1,-1};
D = {-1,-1,-1,1,1,1,1,-1,-1,1,1,-1,1,-1,1,1,1,1,1,-1,-1,-1,1,-1,1,1,1,1,1,1,1,1,1,-1};
VERIFY: max |NPAF[s]| over s=1..34 = 0  (NPAF==0 confirmed)
FIRSTHIT: idx=394072 profile_rank=73 nodes_this_cand=101015 score=118 elapsed=9388.97s
arms_with_hits=4 / 190
GATEB: candidates=1412432 aborted=1372186 AB_nodes=278372869967
GLOBAL FIRST: FIRSTHIT: idx=394072 profile_rank=73 nodes_this_cand=101015 score=118 elapsed=9388.97s
=== done Sun Jul 19 18:33:04 PDT 2026 ===
##FILE firsthit_output_49628813.txt
=== FIRSTHIT probe BS(35,34) sig (3,7,4,8) — 190 arms — node fc20522 — Sun Jul 19 15:52:37 PDT 2026 ===
[driver] first FOUND at Sun Jul 19 19:38:49 PDT 2026 — grace 1800s for remaining arms
=== FIRSTHIT AGGREGATE (n=34, sig 3,7,4,8, 190 arms) ===
*** BS(35,34) FOUND ***  (firsthit probe)
sig = (3,-7,4,8)
A = {1,-1,-1,1,1,-1,1,1,-1,-1,-1,1,1,1,-1,1,-1,1,1,1,-1,-1,1,-1,1,1,1,1,1,1,-1,-1,-1,-1,-1};
B = {1,-1,-1,-1,1,-1,-1,-1,1,1,-1,1,-1,-1,-1,1,1,1,-1,1,-1,1,-1,-1,1,-1,-1,-1,-1,1,-1,1,-1,-1,1};
C = {-1,-1,-1,-1,1,-1,-1,-1,1,1,-1,1,1,1,1,1,-1,1,1,-1,1,1,-1,1,-1,1,1,1,1,1,-1,-1,1,-1};
D = {-1,-1,1,1,1,1,1,-1,1,-1,1,-1,1,1,-1,-1,1,-1,-1,1,1,1,1,-1,1,1,1,-1,-1,1,1,1,1,-1};
VERIFY: max |NPAF[s]| over s=1..34 = 0  (NPAF==0 confirmed)
FIRSTHIT: idx=562988 profile_rank=114 nodes_this_cand=75359 score=98 elapsed=13558.7s
*** BS(35,34) FOUND ***  (firsthit probe)
sig = (3,-7,4,8)
A = {1,-1,-1,-1,-1,1,-1,1,1,1,1,1,1,-1,1,1,-1,1,-1,1,1,1,-1,1,1,1,-1,-1,-1,-1,1,1,-1,-1,-1};
B = {1,-1,-1,-1,1,-1,-1,-1,-1,-1,1,-1,1,1,-1,-1,1,1,1,-1,-1,-1,-1,-1,1,-1,1,1,-1,1,-1,1,-1,-1,1};
C = {-1,-1,1,1,-1,-1,-1,-1,1,1,-1,1,1,1,-1,-1,1,1,-1,1,1,1,-1,1,1,-1,1,-1,1,-1,1,1,1,-1};
D = {-1,-1,1,1,1,-1,1,-1,1,1,1,1,1,-1,-1,1,-1,-1,1,1,-1,1,-1,-1,1,-1,1,1,1,1,1,1,1,-1};
VERIFY: max |NPAF[s]| over s=1..34 = 0  (NPAF==0 confirmed)
FIRSTHIT: idx=612096 profile_rank=135 nodes_this_cand=103180 score=102 elapsed=14632.3s
*** BS(35,34) FOUND ***  (firsthit probe)
sig = (3,-7,4,8)
A = {1,-1,-1,-1,-1,1,-1,1,1,1,1,1,1,-1,1,1,-1,1,-1,1,1,1,-1,1,1,1,-1,-1,-1,-1,1,1,-1,-1,-1};
B = {1,-1,-1,-1,1,-1,-1,-1,-1,-1,1,-1,1,1,-1,-1,1,1,1,-1,-1,-1,-1,-1,1,-1,1,1,-1,1,-1,1,-1,-1,1};
C = {-1,-1,1,1,-1,-1,-1,-1,1,1,1,1,1,1,-1,-1,1,1,-1,1,1,1,-1,-1,1,-1,1,-1,1,-1,1,1,1,-1};
D = {-1,-1,1,1,1,-1,1,-1,1,1,-1,1,1,-1,-1,1,-1,-1,1,1,-1,1,-1,1,1,-1,1,1,1,1,1,1,1,-1};
VERIFY: max |NPAF[s]| over s=1..34 = 0  (NPAF==0 confirmed)
FIRSTHIT: idx=612098 profile_rank=154 nodes_this_cand=103180 score=102 elapsed=14633.5s
*** BS(35,34) FOUND ***  (firsthit probe)
sig = (3,-7,4,8)
A = {1,-1,-1,1,1,-1,1,1,-1,-1,-1,1,1,1,-1,1,-1,1,1,1,-1,-1,1,-1,1,1,1,1,1,1,-1,-1,-1,-1,-1};
B = {1,-1,-1,-1,1,-1,-1,-1,1,1,-1,1,-1,-1,-1,1,1,1,-1,1,-1,1,-1,-1,1,-1,-1,-1,-1,1,-1,1,-1,-1,1};
C = {-1,-1,-1,-1,1,1,1,-1,1,-1,1,-1,1,1,-1,1,1,-1,1,1,1,1,1,-1,1,1,1,-1,-1,1,-1,-1,1,-1};
D = {-1,-1,1,1,1,-1,-1,-1,1,1,-1,1,1,1,1,-1,-1,1,-1,-1,1,1,-1,1,-1,1,1,1,1,1,1,1,1,-1};
VERIFY: max |NPAF[s]| over s=1..34 = 0  (NPAF==0 confirmed)
FIRSTHIT: idx=583115 profile_rank=162 nodes_this_cand=75359 score=98 elapsed=14057.8s
*** BS(35,34) FOUND ***  (firsthit probe)
sig = (3,-7,4,8)
A = {1,-1,-1,1,1,-1,-1,1,-1,-1,-1,1,1,1,-1,-1,1,-1,1,1,1,1,1,-1,1,1,1,1,-1,1,1,-1,-1,-1,-1};
B = {1,-1,-1,-1,-1,-1,1,-1,-1,1,1,1,-1,1,-1,1,-1,-1,-1,-1,1,1,-1,-1,-1,-1,1,-1,1,1,-1,1,-1,-1,1};
C = {-1,-1,-1,-1,1,1,1,1,1,-1,-1,1,1,-1,-1,1,1,1,1,1,-1,-1,1,1,-1,1,-1,1,-1,1,-1,1,1,-1};
D = {-1,-1,1,1,-1,1,1,-1,1,1,1,1,1,1,1,1,-1,-1,1,-1,1,-1,1,-1,1,1,1,1,-1,-1,1,-1,1,-1};
VERIFY: max |NPAF[s]| over s=1..34 = 0  (NPAF==0 confirmed)
FIRSTHIT: idx=624891 profile_rank=80 nodes_this_cand=162348 score=98 elapsed=14907.8s
arms_with_hits=5 / 190
GATEB: candidates=2995188 aborted=2899819 AB_nodes=590972179433
GLOBAL FIRST: FIRSTHIT: idx=624891 profile_rank=80 nodes_this_cand=162348 score=98 elapsed=14907.8s
=== done Sun Jul 19 20:08:51 PDT 2026 ===
##FILE firsthit_output_49628814.txt
=== FIRSTHIT probe BS(35,34) sig (3,11,2,2) — 190 arms — node fc20406 — Sun Jul 19 15:54:36 PDT 2026 ===
[driver] first FOUND at Sun Jul 19 16:23:13 PDT 2026 — grace 1800s for remaining arms
=== FIRSTHIT AGGREGATE (n=34, sig 3,11,2,2, 190 arms) ===
*** BS(35,34) FOUND ***  (firsthit probe)
sig = (3,-11,2,2)
A = {1,1,-1,-1,1,-1,1,1,-1,-1,1,1,-1,1,-1,1,1,1,-1,1,-1,1,-1,1,1,-1,1,1,1,1,-1,-1,-1,-1,-1};
B = {1,-1,-1,-1,1,1,-1,-1,-1,-1,1,-1,-1,-1,-1,1,-1,1,1,1,-1,-1,-1,-1,1,-1,1,-1,-1,-1,-1,-1,-1,1,1};
C = {-1,-1,-1,-1,1,1,1,-1,1,1,1,-1,1,1,1,-1,1,1,1,-1,1,1,-1,-1,1,-1,1,-1,-1,1,-1,1,-1,-1};
D = {-1,-1,-1,1,1,-1,-1,1,-1,-1,1,1,-1,1,1,1,1,1,-1,-1,1,-1,1,-1,-1,1,-1,1,1,1,1,1,-1,-1};
VERIFY: max |NPAF[s]| over s=1..34 = 0  (NPAF==0 confirmed)
FIRSTHIT: idx=69418 profile_rank=172 nodes_this_cand=151122 score=94 elapsed=1699.39s
*** BS(35,34) FOUND ***  (firsthit probe)
sig = (-3,-11,2,2)
A = {1,1,-1,-1,1,-1,-1,1,-1,-1,-1,1,1,1,-1,-1,-1,1,1,-1,1,-1,1,1,-1,1,1,1,-1,1,-1,-1,-1,-1,-1};
B = {1,-1,-1,-1,-1,-1,1,-1,1,1,-1,-1,-1,1,-1,-1,1,-1,-1,-1,1,-1,-1,-1,-1,-1,-1,-1,1,1,1,-1,-1,1,1};
C = {-1,-1,-1,-1,-1,1,-1,1,1,1,-1,1,1,1,1,-1,1,-1,1,1,-1,-1,1,1,1,-1,1,-1,1,1,-1,1,-1,-1};
D = {-1,-1,-1,1,1,1,-1,1,-1,-1,-1,1,1,1,1,1,-1,1,-1,1,-1,-1,1,1,-1,1,1,-1,1,-1,1,1,-1,-1};
VERIFY: max |NPAF[s]| over s=1..34 = 0  (NPAF==0 confirmed)
FIRSTHIT: idx=121195 profile_rank=37 nodes_this_cand=14349 score=94 elapsed=3041.47s
*** BS(35,34) FOUND ***  (firsthit probe)
sig = (-3,-11,2,2)
A = {1,1,-1,-1,1,-1,-1,1,-1,-1,-1,1,1,1,-1,-1,-1,1,1,-1,1,-1,1,1,-1,1,1,1,-1,1,-1,-1,-1,-1,-1};
B = {1,-1,-1,-1,-1,-1,1,-1,1,1,-1,-1,-1,1,-1,-1,1,-1,-1,-1,1,-1,-1,-1,-1,-1,-1,-1,1,1,1,-1,-1,1,1};
C = {-1,-1,-1,-1,1,1,-1,1,-1,1,-1,1,1,1,1,1,-1,1,-1,1,-1,-1,1,1,1,1,1,-1,1,-1,-1,1,-1,-1};
D = {-1,-1,-1,1,-1,1,-1,1,1,-1,-1,1,1,1,1,-1,1,-1,1,1,-1,-1,1,1,-1,-1,1,-1,1,1,1,1,-1,-1};
VERIFY: max |NPAF[s]| over s=1..34 = 0  (NPAF==0 confirmed)
FIRSTHIT: idx=124112 profile_rank=49 nodes_this_cand=14349 score=94 elapsed=3120.32s
arms_with_hits=3 / 190
GATEB: candidates=314725 aborted=296347 AB_nodes=61607997832
GLOBAL FIRST: FIRSTHIT: idx=121195 profile_rank=37 nodes_this_cand=14349 score=94 elapsed=3041.47s
=== done Sun Jul 19 16:53:16 PDT 2026 ===
##FILE firsthit_output_49628815.txt
=== FIRSTHIT probe BS(35,34) sig (5,7,0,8) — 190 arms — node fc20452 — Sun Jul 19 15:57:38 PDT 2026 ===
[driver] first FOUND at Sun Jul 19 16:53:49 PDT 2026 — grace 1800s for remaining arms
=== FIRSTHIT AGGREGATE (n=34, sig 5,7,0,8, 190 arms) ===
*** BS(35,34) FOUND ***  (firsthit probe)
sig = (-5,7,0,8)
A = {1,-1,-1,1,-1,-1,-1,1,1,-1,1,1,1,1,-1,-1,-1,1,1,-1,-1,-1,-1,1,1,1,-1,-1,-1,-1,-1,-1,1,1,-1};
B = {1,-1,1,-1,1,-1,1,-1,1,-1,1,1,-1,-1,-1,1,-1,-1,1,1,-1,1,1,1,1,1,-1,1,1,-1,1,1,-1,1,1};
C = {1,-1,-1,-1,1,1,-1,1,-1,1,1,1,-1,-1,1,-1,1,1,1,-1,-1,-1,-1,1,-1,1,1,1,1,-1,-1,1,-1,-1};
D = {-1,-1,-1,-1,-1,1,1,1,-1,1,1,1,1,1,1,1,1,1,-1,-1,1,1,-1,1,-1,1,1,-1,1,1,-1,1,-1,1};
VERIFY: max |NPAF[s]| over s=1..34 = 0  (NPAF==0 confirmed)
FIRSTHIT: idx=86981 profile_rank=55 nodes_this_cand=159963 score=90 elapsed=3341.48s
arms_with_hits=1 / 190
GATEB: candidates=86981 aborted=84516 AB_nodes=17198507529
GLOBAL FIRST: FIRSTHIT: idx=86981 profile_rank=55 nodes_this_cand=159963 score=90 elapsed=3341.48s
=== done Sun Jul 19 17:23:52 PDT 2026 ===
##FILE firsthit_output_49628816.txt
=== FIRSTHIT probe BS(35,34) sig (5,9,4,4) — 190 arms — node fc20518 — Sun Jul 19 15:57:39 PDT 2026 ===
[driver] first FOUND at Sun Jul 19 16:03:13 PDT 2026 — grace 1800s for remaining arms
=== FIRSTHIT AGGREGATE (n=34, sig 5,9,4,4, 190 arms) ===
*** BS(35,34) FOUND ***  (firsthit probe)
sig = (-5,-9,4,4)
A = {1,1,-1,-1,-1,-1,1,-1,1,1,1,-1,-1,-1,1,-1,1,-1,1,1,-1,1,1,1,-1,-1,1,-1,-1,1,-1,-1,-1,-1,-1};
B = {1,-1,-1,-1,-1,-1,-1,-1,-1,1,1,-1,-1,-1,1,-1,-1,1,-1,1,-1,1,1,1,-1,-1,-1,-1,1,1,-1,-1,-1,1,1};
C = {-1,-1,1,-1,1,-1,1,1,1,-1,1,1,-1,1,1,-1,-1,1,1,-1,1,-1,1,1,1,1,1,-1,1,1,-1,-1,-1,-1};
D = {-1,-1,-1,1,1,1,1,1,-1,1,1,-1,1,1,1,-1,1,-1,1,-1,1,1,-1,1,-1,-1,1,-1,-1,1,1,1,-1,-1};
VERIFY: max |NPAF[s]| over s=1..34 = 0  (NPAF==0 confirmed)
FIRSTHIT: idx=75938 profile_rank=0 nodes_this_cand=7365 score=106 elapsed=1811.1s
*** BS(35,34) FOUND ***  (firsthit probe)
sig = (-5,-9,4,4)
A = {1,1,-1,-1,-1,-1,1,-1,1,1,1,-1,-1,-1,1,-1,1,-1,1,1,-1,1,1,1,-1,-1,1,-1,-1,1,-1,-1,-1,-1,-1};
B = {1,-1,-1,-1,-1,-1,-1,-1,-1,1,1,-1,-1,-1,1,-1,-1,1,-1,1,-1,1,1,1,-1,-1,-1,-1,1,1,-1,-1,-1,1,1};
C = {-1,-1,-1,-1,1,1,1,1,1,1,1,1,-1,1,1,-1,1,-1,1,-1,1,-1,1,1,-1,1,1,-1,-1,1,-1,1,-1,-1};
D = {-1,-1,1,1,1,-1,1,1,-1,-1,1,-1,1,1,1,-1,-1,1,1,-1,1,1,-1,1,1,-1,1,-1,1,1,1,-1,-1,-1};
VERIFY: max |NPAF[s]| over s=1..34 = 0  (NPAF==0 confirmed)
FIRSTHIT: idx=58881 profile_rank=1 nodes_this_cand=7365 score=106 elapsed=1398.11s
*** BS(35,34) FOUND ***  (firsthit probe)
sig = (-5,9,4,4)
A = {1,1,1,-1,-1,-1,-1,1,-1,-1,-1,-1,1,1,1,-1,1,1,-1,-1,-1,1,1,-1,-1,1,-1,1,-1,1,-1,1,-1,-1,-1};
B = {1,-1,-1,1,-1,1,1,-1,1,-1,1,1,1,-1,-1,1,1,1,-1,1,1,-1,1,1,1,1,1,-1,1,-1,-1,-1,1,1,1};
C = {-1,-1,-1,1,1,1,1,-1,1,-1,1,1,-1,1,1,1,1,1,-1,-1,1,1,-1,1,1,-1,-1,1,-1,1,-1,1,-1,-1};
D = {-1,-1,-1,-1,1,-1,-1,1,1,1,1,1,1,1,-1,1,1,1,-1,1,1,-1,-1,1,-1,-1,1,-1,1,1,1,1,-1,-1};
VERIFY: max |NPAF[s]| over s=1..34 = 0  (NPAF==0 confirmed)
FIRSTHIT: idx=21014 profile_rank=122 nodes_this_cand=198314 score=106 elapsed=509.895s
*** BS(35,34) FOUND ***  (firsthit probe)
sig = (-5,9,4,4)
A = {1,1,1,-1,-1,-1,-1,1,-1,-1,-1,-1,1,1,1,-1,1,1,-1,-1,-1,1,1,-1,-1,1,-1,1,-1,1,-1,1,-1,-1,-1};
B = {1,-1,-1,1,-1,1,1,-1,1,-1,1,1,1,-1,-1,1,1,1,-1,1,1,-1,1,1,1,1,1,-1,1,-1,-1,-1,1,1,1};
C = {-1,-1,-1,-1,1,-1,1,-1,1,1,1,1,1,1,-1,1,1,1,-1,1,1,-1,-1,1,-1,-1,-1,1,1,1,1,1,-1,-1};
D = {-1,-1,-1,1,1,1,-1,1,1,-1,1,1,-1,1,1,1,1,1,-1,-1,1,1,-1,1,1,-1,1,-1,-1,1,-1,1,-1,-1};
VERIFY: max |NPAF[s]| over s=1..34 = 0  (NPAF==0 confirmed)
FIRSTHIT: idx=13026 profile_rank=158 nodes_this_cand=198314 score=106 elapsed=317.897s
*** BS(35,34) FOUND ***  (firsthit probe)
sig = (-5,9,4,4)
A = {1,1,1,-1,-1,-1,-1,1,-1,-1,-1,-1,1,1,1,-1,1,1,-1,-1,-1,1,1,-1,-1,1,-1,1,-1,1,-1,1,-1,-1,-1};
B = {1,-1,-1,1,-1,1,1,-1,1,-1,1,1,1,-1,-1,1,1,1,-1,1,1,-1,1,1,1,1,1,-1,1,-1,-1,-1,1,1,1};
C = {-1,-1,-1,-1,1,-1,-1,1,1,1,1,1,1,1,-1,1,1,1,-1,1,1,-1,-1,1,-1,-1,1,-1,1,1,1,1,-1,-1};
D = {-1,-1,-1,1,1,1,1,-1,1,-1,1,1,-1,1,1,1,1,1,-1,-1,1,1,-1,1,1,-1,-1,1,-1,1,-1,1,-1,-1};
VERIFY: max |NPAF[s]| over s=1..34 = 0  (NPAF==0 confirmed)
FIRSTHIT: idx=20568 profile_rank=25 nodes_this_cand=198314 score=106 elapsed=510.287s
*** BS(35,34) FOUND ***  (firsthit probe)
sig = (-5,-9,4,4)
A = {1,1,-1,-1,-1,-1,1,-1,1,1,1,-1,-1,-1,1,-1,1,-1,1,1,-1,1,1,1,-1,-1,1,-1,-1,1,-1,-1,-1,-1,-1};
B = {1,-1,-1,-1,-1,-1,-1,-1,-1,1,1,-1,-1,-1,1,-1,-1,1,-1,1,-1,1,1,1,-1,-1,-1,-1,1,1,-1,-1,-1,1,1};
C = {-1,-1,-1,-1,1,1,1,1,1,1,1,1,-1,1,1,-1,1,-1,1,-1,1,-1,1,1,-1,1,1,-1,-1,1,-1,1,-1,-1};
D = {-1,-1,-1,1,1,1,-1,1,-1,1,1,-1,1,1,-1,1,1,-1,-1,1,1,1,-1,1,-1,-1,1,1,-1,1,1,1,-1,-1};
VERIFY: max |NPAF[s]| over s=1..34 = 0  (NPAF==0 confirmed)
FIRSTHIT: idx=36163 profile_rank=3 nodes_this_cand=7365 score=106 elapsed=853.026s
*** BS(35,34) FOUND ***  (firsthit probe)
sig = (-5,-9,4,4)
A = {1,1,-1,-1,-1,-1,1,-1,1,1,1,-1,-1,-1,1,-1,1,-1,1,1,-1,1,1,1,-1,-1,1,-1,-1,1,-1,-1,-1,-1,-1};
B = {1,-1,-1,-1,-1,-1,-1,-1,-1,1,1,-1,-1,-1,1,-1,-1,1,-1,1,-1,1,1,1,-1,-1,-1,-1,1,1,-1,-1,-1,1,1};
C = {-1,-1,-1,-1,1,1,-1,1,1,1,1,1,-1,1,-1,1,1,-1,-1,1,1,-1,1,1,-1,1,1,1,-1,1,-1,1,-1,-1};
D = {-1,-1,-1,1,1,1,1,1,-1,1,1,-1,1,1,1,-1,1,-1,1,-1,1,1,-1,1,-1,-1,1,-1,-1,1,1,1,-1,-1};
VERIFY: max |NPAF[s]| over s=1..34 = 0  (NPAF==0 confirmed)
FIRSTHIT: idx=35887 profile_rank=4 nodes_this_cand=7365 score=106 elapsed=841.062s
*** BS(35,34) FOUND ***  (firsthit probe)
sig = (-5,9,4,4)
A = {1,1,1,-1,-1,-1,-1,1,-1,-1,-1,-1,1,1,1,-1,1,1,-1,-1,-1,1,1,-1,-1,1,-1,1,-1,1,-1,1,-1,-1,-1};
B = {1,-1,-1,1,-1,1,1,-1,1,-1,1,1,1,-1,-1,1,1,1,-1,1,1,-1,1,1,1,1,1,-1,1,-1,-1,-1,1,1,1};
C = {-1,-1,-1,1,1,1,-1,1,1,-1,1,1,-1,1,1,1,1,1,-1,-1,1,1,-1,1,1,-1,1,-1,-1,1,-1,1,-1,-1};
D = {-1,-1,-1,-1,1,-1,1,-1,1,1,1,1,1,1,-1,1,1,1,-1,1,1,-1,-1,1,-1,-1,-1,1,1,1,1,1,-1,-1};
VERIFY: max |NPAF[s]| over s=1..34 = 0  (NPAF==0 confirmed)
FIRSTHIT: idx=28556 profile_rank=7 nodes_this_cand=198314 score=106 elapsed=698.379s
arms_with_hits=8 / 190
GATEB: candidates=290033 aborted=271213 AB_nodes=56341812352
GLOBAL FIRST: FIRSTHIT: idx=75938 profile_rank=0 nodes_this_cand=7365 score=106 elapsed=1811.1s
=== done Sun Jul 19 16:33:16 PDT 2026 ===
##FILE firsthit_output_49628817.txt
=== FIRSTHIT probe BS(35,34) sig (7,7,2,6) — 190 arms — node fc20440 — Sun Jul 19 15:58:38 PDT 2026 ===
[driver] first FOUND at Sun Jul 19 16:11:13 PDT 2026 — grace 1800s for remaining arms
=== FIRSTHIT AGGREGATE (n=34, sig 7,7,2,6, 190 arms) ===
*** BS(35,34) FOUND ***  (firsthit probe)
sig = (-7,7,2,6)
A = {1,1,-1,-1,-1,-1,-1,1,1,-1,1,-1,1,1,1,1,-1,1,-1,-1,1,-1,1,-1,1,-1,1,-1,-1,-1,-1,-1,-1,-1,-1};
B = {1,-1,-1,-1,1,1,-1,-1,1,1,1,1,-1,1,-1,-1,1,1,1,1,-1,-1,-1,1,1,1,1,1,-1,1,1,-1,-1,1,1};
C = {-1,-1,-1,1,-1,1,-1,1,1,1,-1,1,-1,1,1,1,1,-1,1,1,-1,-1,1,-1,-1,1,1,-1,-1,1,1,1,-1,-1};
D = {-1,-1,1,1,-1,1,1,1,1,1,1,-1,1,-1,-1,1,-1,1,1,-1,1,1,-1,1,-1,1,1,1,-1,1,1,-1,-1,-1};
VERIFY: max |NPAF[s]| over s=1..34 = 0  (NPAF==0 confirmed)
FIRSTHIT: idx=41445 profile_rank=108 nodes_this_cand=26510 score=114 elapsed=998.639s
*** BS(35,34) FOUND ***  (firsthit probe)
sig = (-7,7,2,6)
A = {1,1,-1,-1,-1,-1,-1,1,1,-1,1,-1,1,1,1,1,-1,1,-1,-1,1,-1,1,-1,1,-1,1,-1,-1,-1,-1,-1,-1,-1,-1};
B = {1,-1,-1,-1,1,1,-1,-1,1,1,1,1,-1,1,-1,-1,1,1,1,1,-1,-1,-1,1,1,1,1,1,-1,1,1,-1,-1,1,1};
C = {-1,-1,-1,1,-1,1,-1,1,1,1,-1,1,-1,1,1,1,1,-1,1,1,-1,-1,1,-1,-1,1,1,-1,-1,1,1,1,-1,-1};
D = {-1,-1,-1,1,1,-1,1,1,1,-1,1,-1,1,1,-1,1,1,-1,1,-1,-1,1,-1,1,1,1,1,1,1,-1,1,1,-1,-1};
VERIFY: max |NPAF[s]| over s=1..34 = 0  (NPAF==0 confirmed)
FIRSTHIT: idx=31338 profile_rank=113 nodes_this_cand=26510 score=114 elapsed=749.152s
*** BS(35,34) FOUND ***  (firsthit probe)
sig = (-7,7,2,6)
A = {1,1,-1,-1,-1,-1,-1,1,1,-1,1,-1,1,1,1,1,-1,1,-1,-1,1,-1,1,-1,1,-1,1,-1,-1,-1,-1,-1,-1,-1,-1};
B = {1,-1,-1,-1,1,1,-1,-1,1,1,1,1,-1,1,-1,-1,1,1,1,1,-1,-1,-1,1,1,1,1,1,-1,1,1,-1,-1,1,1};
C = {-1,-1,-1,1,1,-1,-1,1,1,-1,-1,1,-1,1,1,1,1,-1,1,1,-1,-1,1,-1,1,1,1,-1,1,-1,1,1,-1,-1};
D = {-1,-1,1,1,1,-1,1,1,1,-1,1,-1,1,-1,-1,1,-1,1,1,-1,1,1,-1,1,1,1,1,1,1,-1,1,-1,-1,-1};
VERIFY: max |NPAF[s]| over s=1..34 = 0  (NPAF==0 confirmed)
FIRSTHIT: idx=74950 profile_rank=134 nodes_this_cand=26510 score=114 elapsed=1786.41s
*** BS(35,34) FOUND ***  (firsthit probe)
sig = (-7,7,2,6)
A = {1,1,-1,-1,-1,-1,-1,1,1,-1,1,-1,1,1,1,1,-1,1,-1,-1,1,-1,1,-1,1,-1,1,-1,-1,-1,-1,-1,-1,-1,-1};
B = {1,-1,-1,-1,1,1,-1,-1,1,1,1,1,-1,1,-1,-1,1,1,1,1,-1,-1,-1,1,1,1,1,1,-1,1,1,-1,-1,1,1};
C = {-1,-1,-1,1,1,-1,-1,1,1,-1,-1,1,-1,1,1,1,1,-1,1,1,-1,-1,1,-1,1,1,1,-1,1,-1,1,1,-1,-1};
D = {-1,-1,-1,1,-1,1,1,1,1,1,1,-1,1,1,-1,1,1,-1,1,-1,-1,1,-1,1,-1,1,1,1,-1,1,1,1,-1,-1};
VERIFY: max |NPAF[s]| over s=1..34 = 0  (NPAF==0 confirmed)
FIRSTHIT: idx=31717 profile_rank=135 nodes_this_cand=26510 score=114 elapsed=755.067s
*** BS(35,34) FOUND ***  (firsthit probe)
sig = (-7,7,2,6)
A = {1,1,-1,-1,-1,-1,-1,1,1,-1,1,-1,1,1,1,1,-1,1,-1,-1,1,-1,1,-1,1,-1,1,-1,-1,-1,-1,-1,-1,-1,-1};
B = {1,-1,-1,-1,1,1,-1,-1,1,1,1,1,-1,1,-1,-1,1,1,1,1,-1,-1,-1,1,1,1,1,1,-1,1,1,-1,-1,1,1};
C = {-1,-1,1,1,-1,1,-1,1,1,1,-1,1,-1,-1,1,1,-1,1,1,1,1,-1,1,-1,-1,1,1,-1,-1,1,1,-1,-1,-1};
D = {-1,-1,1,1,1,-1,1,1,1,-1,1,-1,1,-1,-1,1,-1,1,1,-1,1,1,-1,1,1,1,1,1,1,-1,1,-1,-1,-1};
VERIFY: max |NPAF[s]| over s=1..34 = 0  (NPAF==0 confirmed)
FIRSTHIT: idx=103831 profile_rank=62 nodes_this_cand=26510 score=114 elapsed=2483.17s
*** BS(35,34) FOUND ***  (firsthit probe)
sig = (-7,7,2,6)
A = {1,1,-1,-1,-1,-1,-1,1,1,-1,1,-1,1,1,1,1,-1,1,-1,-1,1,-1,1,-1,1,-1,1,-1,-1,-1,-1,-1,-1,-1,-1};
B = {1,-1,-1,-1,1,1,-1,-1,1,1,1,1,-1,1,-1,-1,1,1,1,1,-1,-1,-1,1,1,1,1,1,-1,1,1,-1,-1,1,1};
C = {-1,-1,1,1,-1,1,-1,1,1,1,-1,1,-1,-1,1,1,-1,1,1,1,1,-1,1,-1,-1,1,1,-1,-1,1,1,-1,-1,-1};
D = {-1,-1,-1,1,-1,1,1,1,1,1,1,-1,1,1,-1,1,1,-1,1,-1,-1,1,-1,1,-1,1,1,1,-1,1,1,1,-1,-1};
VERIFY: max |NPAF[s]| over s=1..34 = 0  (NPAF==0 confirmed)
FIRSTHIT: idx=44708 profile_rank=63 nodes_this_cand=26510 score=114 elapsed=1080.39s
*** BS(35,34) FOUND ***  (firsthit probe)
sig = (-7,7,2,6)
A = {1,1,-1,-1,-1,-1,-1,1,1,-1,1,-1,1,1,1,1,-1,1,-1,-1,1,-1,1,-1,1,-1,1,-1,-1,-1,-1,-1,-1,-1,-1};
B = {1,-1,-1,-1,1,1,-1,-1,1,1,1,1,-1,1,-1,-1,1,1,1,1,-1,-1,-1,1,1,1,1,1,-1,1,1,-1,-1,1,1};
C = {-1,-1,1,1,1,-1,-1,1,1,-1,-1,1,-1,-1,1,1,-1,1,1,1,1,-1,1,-1,1,1,1,-1,1,-1,1,-1,-1,-1};
D = {-1,-1,1,1,-1,1,1,1,1,1,1,-1,1,-1,-1,1,-1,1,1,-1,1,1,-1,1,-1,1,1,1,-1,1,1,-1,-1,-1};
VERIFY: max |NPAF[s]| over s=1..34 = 0  (NPAF==0 confirmed)
FIRSTHIT: idx=104210 profile_rank=90 nodes_this_cand=26510 score=114 elapsed=2470.05s
*** BS(35,34) FOUND ***  (firsthit probe)
sig = (-7,7,2,6)
A = {1,1,-1,-1,-1,-1,-1,1,1,-1,1,-1,1,1,1,1,-1,1,-1,-1,1,-1,1,-1,1,-1,1,-1,-1,-1,-1,-1,-1,-1,-1};
B = {1,-1,-1,-1,1,1,-1,-1,1,1,1,1,-1,1,-1,-1,1,1,1,1,-1,-1,-1,1,1,1,1,1,-1,1,1,-1,-1,1,1};
C = {-1,-1,1,1,1,-1,-1,1,1,-1,-1,1,-1,-1,1,1,-1,1,1,1,1,-1,1,-1,1,1,1,-1,1,-1,1,-1,-1,-1};
D = {-1,-1,-1,1,1,-1,1,1,1,-1,1,-1,1,1,-1,1,1,-1,1,-1,-1,1,-1,1,1,1,1,1,1,-1,1,1,-1,-1};
VERIFY: max |NPAF[s]| over s=1..34 = 0  (NPAF==0 confirmed)
FIRSTHIT: idx=78213 profile_rank=95 nodes_this_cand=26510 score=114 elapsed=1853.02s
*** BS(35,34) FOUND ***  (firsthit probe)
sig = (7,-7,2,6)
A = {1,1,-1,-1,1,1,1,-1,1,-1,1,-1,-1,1,-1,1,1,-1,1,1,-1,1,1,1,-1,1,1,1,1,1,1,-1,-1,-1,-1};
B = {1,-1,-1,-1,-1,-1,1,1,-1,-1,1,-1,-1,-1,1,-1,1,-1,1,-1,1,-1,1,1,-1,1,-1,-1,1,-1,-1,-1,-1,1,1};
C = {-1,-1,-1,-1,-1,1,-1,1,1,-1,1,-1,1,1,1,-1,-1,1,1,1,-1,1,-1,1,1,1,1,1,1,-1,-1,1,-1,-1};
D = {-1,-1,-1,1,1,1,1,1,-1,1,1,1,-1,-1,1,1,1,-1,-1,1,1,-1,1,1,-1,-1,1,-1,1,1,1,1,-1,-1};
VERIFY: max |NPAF[s]| over s=1..34 = 0  (NPAF==0 confirmed)
FIRSTHIT: idx=51012 profile_rank=99 nodes_this_cand=151862 score=74 elapsed=1450.87s
arms_with_hits=9 / 190
GATEB: candidates=561424 aborted=530236 AB_nodes=109553110320
GLOBAL FIRST: FIRSTHIT: idx=103831 profile_rank=62 nodes_this_cand=26510 score=114 elapsed=2483.17s
=== done Sun Jul 19 16:41:15 PDT 2026 ===
##FILE firsthit_output_49628818.txt
=== FIRSTHIT probe BS(35,34) sig (7,9,2,2) — 190 arms — node fc20336 — Sun Jul 19 16:11:39 PDT 2026 ===
[driver] first FOUND at Sun Jul 19 17:22:55 PDT 2026 — grace 1800s for remaining arms
=== FIRSTHIT AGGREGATE (n=34, sig 7,9,2,2, 190 arms) ===
*** BS(35,34) FOUND ***  (firsthit probe)
sig = (-7,9,2,2)
A = {1,1,1,-1,1,-1,-1,-1,1,-1,-1,-1,1,1,-1,-1,-1,-1,1,-1,-1,-1,1,-1,1,-1,1,-1,1,1,-1,1,-1,-1,-1};
B = {1,-1,-1,1,-1,1,1,1,-1,-1,-1,1,1,1,1,1,-1,1,1,1,1,-1,1,1,1,-1,-1,1,-1,-1,1,-1,1,1,1};
C = {-1,-1,-1,1,-1,1,1,-1,1,1,-1,-1,-1,-1,1,-1,1,1,-1,1,1,1,1,1,1,-1,-1,1,1,1,-1,1,-1,-1};
D = {-1,-1,-1,1,-1,1,1,-1,1,1,1,1,1,-1,1,1,-1,-1,1,1,1,-1,-1,-1,1,-1,-1,1,1,1,-1,1,-1,-1};
VERIFY: max |NPAF[s]| over s=1..34 = 0  (NPAF==0 confirmed)
FIRSTHIT: idx=179070 profile_rank=181 nodes_this_cand=19769 score=94 elapsed=4473.31s
*** BS(35,34) FOUND ***  (firsthit probe)
sig = (-7,9,2,2)
A = {1,1,1,-1,-1,-1,-1,-1,-1,1,-1,-1,-1,-1,-1,-1,1,-1,1,-1,1,1,-1,1,1,-1,1,-1,-1,1,1,1,-1,-1,-1};
B = {1,-1,-1,-1,1,-1,1,1,1,1,-1,-1,1,-1,-1,-1,1,1,1,-1,1,1,1,1,1,-1,-1,1,1,1,-1,1,1,1,1};
C = {-1,-1,-1,1,1,1,-1,1,1,-1,1,1,1,-1,1,1,-1,1,-1,-1,-1,1,1,1,-1,1,1,-1,-1,1,-1,1,-1,-1};
D = {-1,-1,-1,-1,1,1,1,-1,1,1,-1,1,1,-1,1,-1,1,-1,1,-1,-1,1,1,-1,1,1,-1,1,-1,1,1,1,-1,-1};
VERIFY: max |NPAF[s]| over s=1..34 = 0  (NPAF==0 confirmed)
FIRSTHIT: idx=204527 profile_rank=32 nodes_this_cand=68459 score=106 elapsed=4909.79s
*** BS(35,34) FOUND ***  (firsthit probe)
sig = (-7,9,2,2)
A = {1,1,1,-1,-1,-1,-1,-1,-1,1,-1,-1,-1,-1,-1,-1,1,-1,1,-1,1,1,-1,1,1,-1,1,-1,-1,1,1,1,-1,-1,-1};
B = {1,-1,-1,-1,1,-1,1,1,1,1,-1,-1,1,-1,-1,-1,1,1,1,-1,1,1,1,1,1,-1,-1,1,1,1,-1,1,1,1,1};
C = {-1,-1,-1,-1,1,1,-1,1,1,-1,1,1,1,-1,1,-1,1,-1,1,-1,-1,1,1,1,-1,1,1,-1,-1,1,1,1,-1,-1};
D = {-1,-1,-1,1,1,1,1,-1,1,1,-1,1,1,-1,1,1,-1,1,-1,-1,-1,1,1,-1,1,1,-1,1,-1,1,-1,1,-1,-1};
VERIFY: max |NPAF[s]| over s=1..34 = 0  (NPAF==0 confirmed)
FIRSTHIT: idx=177588 profile_rank=44 nodes_this_cand=68459 score=106 elapsed=4248.53s
arms_with_hits=3 / 190
GATEB: candidates=561185 aborted=526701 AB_nodes=109041766408
GLOBAL FIRST: FIRSTHIT: idx=204527 profile_rank=32 nodes_this_cand=68459 score=106 elapsed=4909.79s
=== done Sun Jul 19 17:52:57 PDT 2026 ===
##FILE firsthit_output_16737512.txt
=== FIRSTHIT probe BS(36,35) sig (0,6,5,9) — 190 arms — node rc31702 — Sun Jul 19 18:04:44 EDT 2026 ===
[driver] first FOUND at Sun Jul 19 19:36:22 EDT 2026 — grace 1800s for remaining arms
=== FIRSTHIT AGGREGATE (n=35, sig 0,6,5,9, 190 arms) ===
*** BS(36,35) FOUND ***  (firsthit probe)
sig = (0,-6,5,9)
A = {1,-1,1,1,-1,1,-1,1,-1,1,1,-1,-1,-1,-1,1,-1,-1,1,1,1,-1,1,1,-1,-1,1,1,1,1,-1,-1,1,-1,-1,-1};
B = {1,-1,-1,-1,-1,1,-1,1,-1,-1,1,-1,1,1,1,-1,1,1,-1,-1,-1,1,-1,-1,-1,-1,-1,1,1,1,-1,-1,-1,1,-1,1};
C = {-1,-1,-1,-1,1,1,-1,1,-1,1,1,1,-1,1,-1,1,1,1,-1,1,1,1,1,-1,1,1,-1,-1,1,1,1,1,-1,-1,-1};
D = {-1,1,1,1,1,1,1,1,1,-1,-1,1,-1,1,1,1,1,1,-1,1,-1,1,1,-1,-1,-1,1,-1,-1,1,1,-1,1,1,-1};
VERIFY: max |NPAF[s]| over s=1..35 = 0  (NPAF==0 confirmed)
FIRSTHIT: idx=180016 profile_rank=112 nodes_this_cand=1400 score=118 elapsed=5466.63s
*** BS(36,35) FOUND ***  (firsthit probe)
sig = (0,-6,5,9)
A = {1,-1,1,1,-1,1,-1,1,-1,1,1,-1,-1,-1,-1,1,-1,-1,1,1,1,-1,1,1,-1,-1,1,1,1,1,-1,-1,1,-1,-1,-1};
B = {1,-1,-1,-1,-1,1,-1,1,-1,-1,1,-1,1,1,1,-1,1,1,-1,-1,-1,1,-1,-1,-1,-1,-1,1,1,1,-1,-1,-1,1,-1,1};
C = {-1,-1,-1,-1,1,1,-1,1,-1,1,1,1,-1,1,-1,1,1,1,-1,1,1,1,1,-1,1,1,-1,-1,1,1,1,1,-1,-1,-1};
D = {-1,1,1,-1,1,1,-1,-1,1,-1,-1,-1,1,1,-1,1,-1,1,1,1,1,1,-1,1,-1,-1,1,1,1,1,1,1,1,1,-1};
VERIFY: max |NPAF[s]| over s=1..35 = 0  (NPAF==0 confirmed)
FIRSTHIT: idx=221853 profile_rank=114 nodes_this_cand=1400 score=118 elapsed=6898.52s
arms_with_hits=2 / 190
GATEB: candidates=401869 aborted=386926 AB_nodes=78894874578
GLOBAL FIRST: FIRSTHIT: idx=180016 profile_rank=112 nodes_this_cand=1400 score=118 elapsed=5466.63s
=== done Sun Jul 19 20:06:25 EDT 2026 ===
##FILE firsthit_output_16737513.txt
=== FIRSTHIT probe BS(36,35) sig (2,4,1,11) — 190 arms — node rc31717 — Sun Jul 19 18:04:44 EDT 2026 ===
[driver] first FOUND at Sun Jul 19 22:00:58 EDT 2026 — grace 1800s for remaining arms
=== FIRSTHIT AGGREGATE (n=35, sig 2,4,1,11, 190 arms) ===
*** BS(36,35) FOUND ***  (firsthit probe)
sig = (2,-4,1,11)
A = {1,-1,-1,-1,1,-1,-1,-1,-1,1,1,1,1,-1,-1,1,-1,1,-1,1,1,-1,1,1,-1,1,1,1,-1,1,1,1,1,-1,-1,-1};
B = {1,-1,-1,-1,1,-1,-1,-1,1,-1,-1,1,1,-1,1,-1,1,-1,1,-1,-1,1,1,1,-1,-1,-1,-1,-1,1,1,1,1,-1,-1,1};
C = {-1,-1,1,1,1,1,-1,1,1,-1,-1,1,-1,-1,-1,-1,-1,1,-1,1,1,-1,1,-1,1,-1,-1,1,1,1,-1,1,1,1,-1};
D = {-1,-1,1,1,1,1,-1,1,-1,1,1,-1,-1,1,-1,-1,1,-1,1,1,1,1,1,1,-1,1,1,1,1,1,-1,1,1,1,-1};
VERIFY: max |NPAF[s]| over s=1..35 = 0  (NPAF==0 confirmed)
FIRSTHIT: idx=448293 profile_rank=28 nodes_this_cand=80277 score=110 elapsed=14198.6s
*** BS(36,35) FOUND ***  (firsthit probe)
sig = (2,-4,1,11)
A = {1,-1,-1,-1,1,-1,-1,-1,-1,1,1,1,1,-1,-1,1,-1,1,-1,1,1,-1,1,1,-1,1,1,1,-1,1,1,1,1,-1,-1,-1};
B = {1,-1,-1,-1,1,-1,-1,-1,1,-1,-1,1,1,-1,1,-1,1,-1,1,-1,-1,1,1,1,-1,-1,-1,-1,-1,1,1,1,1,-1,-1,1};
C = {-1,-1,1,1,1,1,-1,1,-1,-1,1,-1,-1,-1,-1,-1,-1,1,-1,1,1,-1,1,1,-1,-1,1,1,1,1,-1,1,1,1,-1};
D = {-1,-1,1,1,1,1,-1,1,1,1,-1,1,-1,1,-1,-1,1,-1,1,1,1,1,1,-1,1,1,-1,1,1,1,-1,1,1,1,-1};
VERIFY: max |NPAF[s]| over s=1..35 = 0  (NPAF==0 confirmed)
FIRSTHIT: idx=448235 profile_rank=4 nodes_this_cand=80277 score=110 elapsed=14144.2s
arms_with_hits=2 / 190
GATEB: candidates=896528 aborted=863128 AB_nodes=175905811471
GLOBAL FIRST: FIRSTHIT: idx=448235 profile_rank=4 nodes_this_cand=80277 score=110 elapsed=14144.2s
=== done Sun Jul 19 22:31:01 EDT 2026 ===
##FILE firsthit_output_16737514.txt
=== FIRSTHIT probe BS(36,35) sig (2,8,5,7) — 190 arms — node rc13608 — Sun Jul 19 18:18:46 EDT 2026 ===
[driver] first FOUND at Sun Jul 19 21:34:27 EDT 2026 — grace 1800s for remaining arms
=== FIRSTHIT AGGREGATE (n=35, sig 2,8,5,7, 190 arms) ===
*** BS(36,35) FOUND ***  (firsthit probe)
sig = (2,8,5,7)
A = {1,1,-1,-1,-1,-1,1,1,-1,-1,-1,1,-1,1,-1,1,1,1,-1,1,1,1,1,-1,1,1,-1,1,-1,1,1,-1,1,-1,-1,-1};
B = {1,-1,-1,1,1,-1,-1,-1,-1,1,1,1,1,1,1,1,-1,1,-1,-1,1,-1,1,1,1,-1,1,1,1,-1,1,1,-1,-1,1,1};
C = {-1,-1,1,1,1,-1,-1,1,-1,-1,1,1,1,1,1,-1,1,-1,-1,1,1,-1,1,-1,1,1,1,1,-1,1,-1,1,1,-1,-1};
D = {-1,-1,1,1,1,1,1,-1,-1,-1,1,-1,1,-1,1,-1,1,1,-1,1,1,1,1,1,1,1,1,-1,1,-1,-1,1,1,-1,-1};
VERIFY: max |NPAF[s]| over s=1..35 = 0  (NPAF==0 confirmed)
FIRSTHIT: idx=383348 profile_rank=21 nodes_this_cand=70672 score=98 elapsed=11813.4s
*** BS(36,35) FOUND ***  (firsthit probe)
sig = (2,8,5,7)
A = {1,1,-1,-1,-1,-1,1,1,-1,-1,-1,1,-1,1,-1,1,1,1,-1,1,1,1,1,-1,1,1,-1,1,-1,1,1,-1,1,-1,-1,-1};
B = {1,-1,-1,1,1,-1,-1,-1,-1,1,1,1,1,1,1,1,-1,1,-1,-1,1,-1,1,1,1,-1,1,1,1,-1,1,1,-1,-1,1,1};
C = {-1,-1,1,1,1,-1,-1,1,-1,-1,1,1,1,1,1,-1,1,-1,-1,1,1,-1,1,-1,1,1,1,1,-1,1,-1,1,1,-1,-1};
D = {-1,-1,1,1,-1,-1,1,-1,1,1,1,1,1,1,1,1,-1,1,1,-1,1,-1,1,-1,1,-1,-1,-1,1,1,1,1,1,-1,-1};
VERIFY: max |NPAF[s]| over s=1..35 = 0  (NPAF==0 confirmed)
FIRSTHIT: idx=361878 profile_rank=26 nodes_this_cand=70672 score=98 elapsed=12266.5s
*** BS(36,35) FOUND ***  (firsthit probe)
sig = (2,8,5,7)
A = {1,1,-1,-1,-1,-1,1,1,-1,-1,-1,1,-1,1,-1,1,1,1,-1,1,1,1,1,-1,1,1,-1,1,-1,1,1,-1,1,-1,-1,-1};
B = {1,-1,-1,1,1,-1,-1,-1,-1,1,1,1,1,1,1,1,-1,1,-1,-1,1,-1,1,1,1,-1,1,1,1,-1,1,1,-1,-1,1,1};
C = {-1,-1,1,1,1,1,-1,1,-1,-1,1,-1,1,-1,1,-1,1,-1,-1,1,1,1,1,1,1,1,1,1,-1,-1,-1,1,1,-1,-1};
D = {-1,-1,1,1,1,-1,1,-1,-1,-1,1,1,1,1,1,-1,1,1,-1,1,1,-1,1,-1,1,1,1,-1,1,1,-1,1,1,-1,-1};
VERIFY: max |NPAF[s]| over s=1..35 = 0  (NPAF==0 confirmed)
FIRSTHIT: idx=388182 profile_rank=61 nodes_this_cand=70672 score=98 elapsed=11944.9s
*** BS(36,35) FOUND ***  (firsthit probe)
sig = (2,8,5,7)
A = {1,1,-1,-1,-1,-1,1,1,-1,-1,-1,1,-1,1,-1,1,1,1,-1,1,1,1,1,-1,1,1,-1,1,-1,1,1,-1,1,-1,-1,-1};
B = {1,-1,-1,1,1,-1,-1,-1,-1,1,1,1,1,1,1,1,-1,1,-1,-1,1,-1,1,1,1,-1,1,1,1,-1,1,1,-1,-1,1,1};
C = {-1,-1,1,1,1,1,-1,1,-1,-1,1,-1,1,-1,1,-1,1,-1,-1,1,1,1,1,1,1,1,1,1,-1,-1,-1,1,1,-1,-1};
D = {-1,-1,1,1,-1,1,1,-1,1,1,1,-1,1,-1,1,1,-1,1,1,-1,1,1,1,1,1,-1,-1,-1,1,-1,1,1,1,-1,-1};
VERIFY: max |NPAF[s]| over s=1..35 = 0  (NPAF==0 confirmed)
FIRSTHIT: idx=384055 profile_rank=74 nodes_this_cand=70672 score=98 elapsed=11731.6s
arms_with_hits=4 / 190
GATEB: candidates=1517463 aborted=1418402 AB_nodes=294308620208
GLOBAL FIRST: FIRSTHIT: idx=383348 profile_rank=21 nodes_this_cand=70672 score=98 elapsed=11813.4s
=== done Sun Jul 19 22:04:30 EDT 2026 ===
##FILE firsthit_output_16737515.txt
=== FIRSTHIT probe BS(36,35) sig (4,6,3,9) — 190 arms — node rc13610 — Sun Jul 19 18:18:47 EDT 2026 ===
[driver] first FOUND at Sun Jul 19 20:43:57 EDT 2026 — grace 1800s for remaining arms
=== FIRSTHIT AGGREGATE (n=35, sig 4,6,3,9, 190 arms) ===
*** BS(36,35) FOUND ***  (firsthit probe)
sig = (4,-6,3,9)
A = {1,-1,1,1,-1,-1,1,1,-1,1,1,-1,1,-1,1,-1,1,1,-1,-1,1,1,1,-1,-1,-1,-1,1,1,1,1,1,1,-1,-1,-1};
B = {1,-1,-1,-1,-1,1,-1,-1,1,-1,-1,1,1,1,-1,-1,1,1,-1,-1,1,-1,-1,-1,1,1,1,-1,-1,-1,-1,1,-1,1,-1,1};
C = {-1,-1,-1,-1,1,1,1,1,1,1,1,1,-1,1,1,-1,1,-1,-1,-1,1,1,-1,1,-1,1,-1,1,-1,1,1,-1,-1,1,-1};
D = {-1,-1,-1,1,1,-1,1,1,1,1,1,-1,1,1,1,1,1,1,-1,1,1,1,1,-1,-1,1,-1,1,-1,-1,1,1,-1,1,-1};
VERIFY: max |NPAF[s]| over s=1..35 = 0  (NPAF==0 confirmed)
FIRSTHIT: idx=271509 profile_rank=178 nodes_this_cand=181825 score=102 elapsed=8703.24s
arms_with_hits=1 / 190
GATEB: candidates=271509 aborted=258588 AB_nodes=53133514363
GLOBAL FIRST: FIRSTHIT: idx=271509 profile_rank=178 nodes_this_cand=181825 score=102 elapsed=8703.24s
=== done Sun Jul 19 21:14:00 EDT 2026 ===
##FILE firsthit_output_16737516.txt
=== FIRSTHIT probe BS(36,35) sig (4,10,1,5) — 190 arms — node rc13611 — Sun Jul 19 18:18:46 EDT 2026 ===
[driver] first FOUND at Mon Jul 20 00:54:07 EDT 2026 — grace 1800s for remaining arms
=== FIRSTHIT AGGREGATE (n=35, sig 4,10,1,5, 190 arms) ===
*** BS(36,35) FOUND ***  (firsthit probe)
sig = (-4,10,1,5)
A = {1,1,-1,1,1,-1,-1,-1,1,1,-1,-1,-1,-1,-1,-1,1,-1,1,-1,-1,1,1,1,-1,1,-1,1,1,1,-1,1,-1,-1,-1,-1};
B = {1,-1,-1,-1,1,1,1,1,1,1,-1,1,-1,-1,-1,1,1,1,-1,-1,1,1,1,1,1,1,-1,1,-1,-1,1,1,1,-1,1,1};
C = {-1,-1,-1,1,-1,-1,1,-1,1,1,-1,-1,-1,1,1,1,-1,1,-1,1,1,-1,1,-1,-1,1,1,1,1,1,1,-1,1,-1,-1};
D = {-1,-1,-1,1,1,-1,1,1,1,-1,1,1,1,-1,1,-1,1,1,1,-1,1,1,-1,1,1,-1,1,-1,1,1,-1,-1,1,-1,-1};
VERIFY: max |NPAF[s]| over s=1..35 = 0  (NPAF==0 confirmed)
FIRSTHIT: idx=750088 profile_rank=181 nodes_this_cand=16695 score=110 elapsed=23694.4s
arms_with_hits=1 / 190
GATEB: candidates=750088 aborted=701618 AB_nodes=144896724141
GLOBAL FIRST: FIRSTHIT: idx=750088 profile_rank=181 nodes_this_cand=16695 score=110 elapsed=23694.4s
=== done Mon Jul 20 01:24:09 EDT 2026 ===
