363656
363663
364078
364080
364081
364083
365137
365144
365148
365154
369796
369800
372100
372112
376023
376026
376031
376039
392649
392663
393434
393442
393729
393737
393740
393753
394197
394200
394201
394206
397482
397521
397718
397736
399227
399230
399244
399246
399511
399536
400102
400118
400121
400137
401551
401561
401562
401572
404898
404903
404937
404945
409925
409962
413804
413807
413860
413863
427152
427156
427157
427158
427167
427168
427170
427171
427182
427183
427185
427186
427852
427853
427854
427855
427863
427864
427866
427869
427877
427878
427879
427880
429919
429944
429955
429975
434427
434434
434447
434453
435346
435347
435348
435349
435350
435351
435353
435354
435355
435356
435358
435359
435360
435361
435362
435363
435364
435365
435366
435369
435940
435942
435946
435947
435948
435965
435966
435992
435993
436012
436015
436016
436021
436023
442507
442513
442703
442705
442710
442711
442713
442731
442733
442750
442751
442764
442765
442767
442776
442777
443134
443136
443151
443152
443154
443175
443176
443215
443220
443250
443257
443264
443276
443278
445740
445753
451218
451219
451226
451227
451228
451241
451242
451259
451260
451273
451274
451275
451280
451281
451984
451985
451987
451988
451989
451990
451991
451993
451994
451995
452002
452003
452004
452006
452007
452009
452010
452011
452012
452013
453090
453096
453106
453112
453117
453122
453152
453156
459024
459028
459031
459035
459923
459924
459925
459926
459933
459934
459940
459941
459947
459948
459949
459950
460532
460533
460535
460539
460546
460547
460549
460550
460557
460558
460561
460562
460926
460929
460935
460938
462248
462258
465759
465774
465783
465792
467606
467616
467766
467797
467798
467850
467865
467919
467930
467984
469284
469322
469355
469393
469394
469432
469465
469503
470852
470865
473357
473369
475974
476534
476604
476699
478520
478538
478570
478610
478661
478662
478713
478753
478803
478977
478997
479075
479277
479320
479901
480204
480214
480221
480228
480735
481134
481562
481605
482569
483004
483009
483010
483012
483021
483025
483026
483029
483030
483033
483034
483038
483047
483049
483050
483055
483088
483090
483092
483097
483099
483113
483116
483117
483130
483131
483134
483148
483150
483155
483157
483159
483443
483461
483473
483482
483485
483896
484179
484210
484414
484416
484418
484423
484425
484439
484442
484443
484456
484457
484460
484474
484476
484481
484483
484485
484501
484506
484508
484511
484513
484529
484531
484538
484543
484546
484547
484583
484589
484592
484593
484595
484597
484598
484602
484604
484623
484625
484629
484630
484632
484634
484635
484638
484644
484680
484681
484684
484689
484696
484698
484714
484716
484719
484721
484726
485110
485129
485131
485170
485617
485621
485622
485625
485626
485645
485653
485654
485658
485659
485663
485707
485708
485715
485716
485719
485723
485724
485725
485731
485732
485733
485750
485751
485752
485758
485759
485760
485764
485767
485768
485775
485776
485820
485824
485825
485829
485830
485838
485857
485858
485861
485862
485866
487000
487013
487076
487081
487119
487128
487614
487621
487622
487629
488481
488494
488991
489064
489168
489169
489186
489187
489227
489358
489365
489655
489686
490046
490078
490079
490491
490676
492342
492343
492353
492356
493370
493382
493384
493400
493604
493605
494721
494736
494737
494755
495098
495102
495506
495607
495737
495930
495949
496067
496138
496195
496226
496242
496243
496250
496869
496884
497350
497357
498312
498333
499712
499713
499730
499731
500564
500630
501081
501094
501483
501492
501771
501776
501803
501808
502818
502819
502843
502844
502849
502851
502900
502902
502957
502959
503008
503010
503015
503016
503040
503041
503055
503061
503062
503070
503071
503081
503082
503103
503104
503112
503137
503145
503146
503167
503168
503178
503179
503187
503188
503194
505325
505343
505514
505612
505718
505818
508181
508192
508200
508222
509883
510122
510371
510414
510423
510532
511133
511310
511314
511355
511533
511667
512132
512133
512147
512150
513976
514022
514077
514078
514096
514187
514215
514223
514270
514292
514382
514388
514432
514433
514438
514534
514558
514567
514595
514610
514614
514623
515074
516176
516504
517190
517193
517194
517219
517220
517221
517227
517228
517229
517271
517272
517279
517324
517331
517332
517374
517375
517376
517382
517383
517384
517409
517410
517413
518987
518993
518994
519002
519003
519013
519014
519035
519036
519044
519069
519077
519078
519099
519100
519110
519111
519119
519120
519126
519825
519831
519832
519840
519841
519851
519852
519873
519874
519882
519907
519915
519916
519937
519938
519948
519949
519957
519958
519964
520497
521538
521541
521542
521567
521568
521569
521575
521576
521577
521619
521620
521627
521672
521679
521680
521722
521723
521724
521730
521731
521732
521757
521758
521761
521945
521956
521957
522036
525553
525572
525574
525596
526684
526738
527171
527201
527699
527708
527711
527717
528202
528216
528218
528237
529196
529220
529540
529544
529605
529608
530676
530680
530704
530707
533576
533580
533621
533632
